100000 557 257 174 105 702 533 309 562 287 101 663 483 766 256 266 585 207 444 471 346 360 117 235 497 273 519 300 353 277 193 211 749 433 424 341 744 845 350 121 665 787 116 278 433 652 196 150 457 732 
310 100000 238 783 350 238 506 810 329 785 730 138 292 442 353 219 321 358 131 657 121 705 741 225 263 553 637 141 678 108 843 628 447 503 368 353 647 614 187 627 202 561 138 358 139 726 829 132 750 195 
287 686 100000 683 454 246 743 496 508 412 353 668 518 661 433 826 753 816 814 364 613 202 576 487 149 738 316 125 289 155 566 393 523 493 326 801 799 161 420 197 508 627 136 205 602 388 462 275 538 424 
849 160 275 100000 768 522 259 354 113 450 374 153 347 607 384 124 767 164 522 796 840 323 252 597 157 267 182 568 275 828 412 252 153 282 217 668 533 373 255 640 219 840 587 226 696 415 289 304 478 529 
685 580 315 184 100000 497 234 285 415 323 203 847 420 477 269 319 364 301 710 667 313 619 745 342 457 742 230 709 604 581 278 654 306 210 101 357 116 408 362 377 637 396 662 365 649 446 433 354 199 452 
170 594 510 445 333 100000 213 215 398 220 632 617 449 459 403 605 544 158 294 167 423 637 419 114 732 435 590 201 684 283 313 834 807 646 473 712 771 502 360 613 370 116 229 401 222 783 206 624 461 153 
368 483 162 131 785 487 100000 669 823 507 288 504 557 120 654 512 785 451 424 257 134 198 578 591 120 467 180 676 595 413 238 802 799 343 157 153 719 682 735 159 228 351 142 645 763 319 272 829 656 660 
637 317 241 515 461 749 816 100000 102 447 266 725 779 229 660 428 254 116 618 634 226 512 184 152 575 771 793 517 805 639 243 317 468 655 504 370 233 487 116 356 590 706 372 201 360 268 731 132 356 287 
211 400 381 611 785 643 692 458 100000 795 509 363 613 620 734 783 801 533 463 111 751 487 738 141 269 575 749 382 650 770 694 603 645 743 700 716 253 548 117 146 241 655 323 130 245 821 148 194 409 617 
213 777 294 757 778 236 686 610 847 100000 158 613 291 404 525 630 259 702 436 779 640 841 385 449 595 277 360 156 317 705 564 353 558 514 764 796 845 139 558 547 145 404 370 765 639 191 334 244 658 540 
351 172 484 625 593 187 531 619 661 427 100000 824 328 509 513 141 223 674 576 715 835 543 453 559 292 355 609 719 511 513 801 822 796 387 321 585 382 743 332 484 832 567 781 171 329 595 523 344 665 743 
826 662 425 649 810 338 102 769 319 750 189 100000 498 544 311 250 112 275 793 375 224 769 744 380 406 811 215 277 678 118 809 842 848 184 273 839 284 515 487 391 170 694 706 165 279 585 578 666 406 739 
434 678 250 673 207 160 148 788 837 414 831 462 100000 818 779 681 155 216 354 109 755 151 143 685 207 199 679 763 754 288 792 343 792 716 487 699 245 752 535 665 621 285 510 366 799 152 376 376 158 399 
295 309 224 368 348 382 204 561 281 181 173 286 521 100000 779 652 585 540 507 190 666 582 397 611 315 203 595 649 717 839 114 747 597 584 768 660 659 190 377 691 220 679 449 719 592 245 526 230 821 697 
559 508 415 576 424 698 246 678 337 265 365 769 467 154 100000 109 728 142 321 703 805 441 560 420 106 233 562 122 344 698 811 281 397 747 200 626 779 192 515 475 271 359 698 395 480 141 698 815 101 823 
455 626 541 450 131 428 414 724 629 772 838 543 550 350 394 100000 195 564 637 398 521 783 177 599 721 553 764 560 197 177 604 141 171 389 197 216 146 347 825 268 794 156 614 289 682 298 205 792 552 170 
469 588 829 415 586 378 197 393 376 201 815 474 229 601 317 187 100000 147 343 412 290 270 686 623 616 598 417 104 545 104 294 165 575 297 241 175 216 502 157 319 354 546 423 776 400 203 581 380 704 386 
438 446 753 467 765 609 758 153 162 153 152 118 652 656 666 229 194 100000 200 111 785 350 583 330 783 619 752 136 848 553 214 534 234 411 119 330 628 685 617 121 138 177 307 389 823 251 629 299 816 519 
222 471 319 153 241 490 525 684 763 827 802 281 409 333 440 210 157 597 100000 350 208 268 770 302 581 667 203 416 524 409 639 521 700 353 270 572 645 319 526 120 732 702 666 531 383 326 508 465 409 348 
229 486 465 204 256 609 212 167 662 596 519 592 358 269 723 632 139 572 469 100000 789 635 131 286 849 596 489 824 529 532 164 120 693 315 435 148 535 210 434 603 147 223 629 601 778 653 396 273 681 404 
603 389 631 826 761 640 835 395 768 116 582 325 585 635 204 365 156 248 607 232 100000 114 736 781 503 108 716 267 280 648 748 742 229 301 176 593 112 411 768 396 516 697 388 842 655 226 177 121 513 457 
409 269 481 611 613 612 793 403 161 362 696 468 247 695 199 611 274 376 264 694 610 100000 402 535 687 354 329 261 225 236 695 766 404 840 341 642 619 112 359 490 215 812 158 456 493 602 521 313 506 423 
183 612 848 322 328 706 441 325 120 691 433 217 371 592 376 293 697 386 725 131 270 184 100000 537 381 413 584 771 576 823 205 501 177 724 705 557 509 786 400 511 659 245 480 112 777 178 312 330 160 628 
696 228 517 517 800 389 426 425 645 529 181 573 133 460 226 441 189 470 257 472 188 457 832 100000 484 225 702 482 779 407 732 143 445 809 320 580 624 245 390 823 228 247 188 345 345 800 523 556 765 145 
358 835 487 740 634 652 142 795 340 654 409 246 129 798 216 238 390 313 502 742 451 794 359 255 100000 848 477 583 530 125 503 398 767 726 495 537 636 511 492 705 281 839 810 741 626 163 474 509 786 789 
211 630 228 760 415 826 539 252 720 386 804 297 485 742 450 218 188 426 347 299 358 699 100 655 165 100000 264 714 453 675 327 496 244 464 142 492 104 787 637 778 623 400 171 494 847 789 702 169 178 846 
349 787 536 769 653 445 244 171 107 587 478 182 730 738 175 446 810 251 312 684 289 641 827 788 511 132 100000 360 245 440 136 144 335 602 723 594 666 280 228 687 243 232 711 230 129 746 565 202 547 704 
342 722 140 781 355 694 426 809 118 285 500 618 604 276 252 600 814 119 247 833 706 741 709 525 727 832 247 100000 139 164 388 573 585 548 538 325 101 655 215 268 344 780 331 123 101 315 488 392 149 661 
299 100 780 589 129 667 456 382 113 832 158 172 154 543 283 237 223 723 201 530 289 734 565 355 534 673 793 590 100000 333 537 135 489 406 623 131 649 750 127 578 615 266 548 308 752 455 461 762 488 104 
632 594 513 763 210 201 468 228 113 547 255 794 110 567 161 272 818 562 713 628 351 388 221 529 356 597 376 567 778 100000 609 468 732 254 206 660 196 816 157 600 288 723 259 605 530 591 627 450 235 248 
785 548 305 281 698 687 702 100 501 271 267 146 243 304 271 301 253 550 540 334 689 443 421 326 753 551 147 104 526 786 100000 735 308 769 530 662 343 458 374 630 655 750 671 758 716 760 229 683 604 669 
270 157 798 423 542 376 649 646 436 411 507 402 470 753 532 700 739 828 662 452 281 432 513 327 121 636 302 586 632 222 341 100000 159 465 392 191 622 388 179 468 272 469 803 124 259 748 584 497 750 834 
844 826 119 585 844 517 167 153 729 452 271 562 184 757 648 270 498 459 118 556 473 156 237 792 212 209 438 204 797 113 613 461 100000 390 124 503 584 629 571 263 840 472 681 463 206 699 715 815 592 121 
249 377 335 388 651 328 374 171 268 685 629 560 140 200 807 400 311 264 251 324 165 536 281 548 199 468 661 439 103 821 650 390 674 100000 774 617 657 509 660 709 461 255 562 174 531 402 679 567 412 641 
185 183 565 385 203 829 533 453 160 645 136 699 819 632 110 810 267 201 551 582 762 280 220 805 536 661 253 359 432 494 176 248 399 615 100000 765 635 659 149 450 801 833 819 284 342 194 303 211 703 166 
295 140 609 199 147 354 570 429 268 525 267 366 813 410 551 162 728 665 702 107 625 480 122 601 682 259 721 621 167 106 844 668 766 803 604 100000 778 321 608 100 215 154 692 715 622 289 203 417 614 323 
283 652 202 468 269 222 212 693 693 110 191 254 116 440 342 602 732 738 770 393 707 211 669 777 194 139 580 267 592 378 519 575 718 418 102 128 100000 606 359 573 435 766 344 320 399 259 649 108 448 646 
710 450 459 305 153 471 324 483 828 120 293 808 715 703 620 342 500 219 849 242 289 619 630 735 645 106 145 482 128 524 127 378 834 367 655 717 138 100000 188 838 339 617 325 704 243 426 650 679 630 513 
432 626 571 684 248 657 153 745 418 625 603 465 518 547 734 491 251 360 702 830 724 768 602 206 585 613 236 457 234 151 327 637 145 502 202 233 384 286 100000 633 530 845 484 713 696 333 345 655 662 622 
490 680 624 599 223 660 631 222 441 783 470 409 323 709 634 708 520 152 270 664 196 833 218 498 600 771 823 139 227 570 408 254 738 535 614 456 450 461 257 100000 847 599 831 807 503 392 433 367 514 253 
385 381 772 473 723 305 203 164 437 600 204 594 257 622 102 837 312 377 575 838 459 549 542 502 517 580 460 229 111 778 423 579 508 599 262 324 318 174 774 371 100000 278 461 151 504 521 800 413 742 446 
405 587 183 746 771 603 645 607 563 614 275 508 376 531 348 107 194 344 616 711 287 817 441 326 771 740 386 763 767 669 734 142 189 460 438 419 802 637 241 114 247 100000 367 200 645 306 687 472 433 613 
311 122 272 173 366 388 774 662 582 311 375 163 570 102 209 420 832 197 121 104 182 797 176 372 310 527 571 256 728 114 123 289 364 257 184 729 249 209 241 699 411 274 100000 347 746 606 657 635 502 196 
696 591 721 548 111 128 343 564 438 198 767 244 734 801 582 751 343 458 413 240 235 508 395 827 430 732 338 680 218 408 808 378 556 827 297 262 236 499 299 712 774 182 694 100000 543 778 498 589 430 841 
632 501 388 494 103 512 803 286 125 611 792 395 355 372 360 348 157 272 375 501 711 824 616 515 811 490 205 520 174 372 371 122 289 401 494 362 146 246 163 777 631 801 352 821 100000 301 284 207 510 204 
222 655 507 687 240 812 298 111 476 510 685 718 210 253 177 608 839 294 186 755 505 386 227 237 244 777 137 232 243 143 836 669 287 392 131 454 313 205 634 424 272 295 595 463 309 100000 841 674 277 102 
596 354 188 399 752 635 207 626 755 542 295 733 722 351 263 190 826 272 254 261 519 459 669 577 581 543 385 113 233 173 333 846 125 777 153 519 747 356 813 448 173 707 331 154 639 665 100000 560 733 468 
373 490 783 630 598 561 459 410 113 175 778 201 388 587 290 645 660 783 173 372 669 694 558 229 611 110 404 190 313 128 803 818 846 277 777 787 767 607 299 542 198 200 394 833 657 663 774 100000 156 176 
123 849 587 245 495 640 781 277 831 547 290 472 631 655 358 180 391 339 590 609 145 813 508 645 238 781 354 245 229 413 625 346 180 268 436 161 728 188 748 179 387 146 227 225 775 355 845 140 100000 268 
299 258 620 521 564 578 359 514 747 148 306 784 709 544 160 122 120 278 154 396 586 247 654 814 480 423 779 582 305 217 459 309 203 633 471 698 467 486 539 429 759 375 365 119 496 119 381 545 522 100000 
