100000 685 296 848 492 652 243 381 743 369 551 348 485 201 682 323 277 173 511 145 730 241 638 813 287 658 392 803 673 581 601 242 595 541 406 710 454 320 295 461 628 229 260 697 229 263 394 567 499 209 
673 100000 163 164 819 385 407 463 435 231 250 736 378 347 646 137 567 355 153 313 130 417 446 795 500 372 569 700 601 670 188 259 673 818 595 447 699 246 181 207 745 630 423 516 193 509 406 665 424 224 
480 760 100000 663 256 352 566 802 420 677 162 652 375 566 431 616 732 811 304 367 782 466 565 535 479 555 176 234 178 346 161 342 486 681 107 521 199 356 283 621 382 566 157 356 150 473 374 230 822 565 
807 755 526 100000 819 603 122 559 732 208 173 275 472 574 417 734 416 459 773 209 383 218 584 396 573 649 388 623 628 124 555 386 584 363 356 301 730 817 386 825 563 225 421 725 198 548 155 489 318 504 
281 471 752 110 100000 383 467 330 380 662 267 408 455 486 382 423 479 362 456 364 187 401 356 452 636 392 693 132 215 374 410 598 298 835 229 671 143 384 478 549 674 842 259 155 567 573 421 486 742 683 
344 511 623 273 406 100000 384 216 753 653 582 151 550 280 299 694 750 732 834 488 536 287 719 241 581 602 604 398 432 510 418 553 286 344 498 556 315 600 154 786 660 370 228 116 495 325 469 678 344 505 
361 263 429 322 425 319 100000 267 771 452 330 353 809 191 684 323 411 220 540 370 205 584 288 751 581 498 137 173 642 759 553 385 363 781 821 733 706 512 282 792 799 289 733 441 602 112 450 714 204 823 
653 207 430 808 511 153 331 100000 448 403 636 738 340 667 181 361 552 156 777 683 134 533 551 245 687 172 209 600 758 821 386 691 614 435 446 340 523 523 746 440 613 340 320 740 218 773 525 594 310 572 
741 404 280 126 641 155 593 661 100000 253 402 273 508 215 345 826 110 826 425 504 296 646 218 136 337 248 471 690 667 412 451 155 496 388 698 477 414 698 170 667 680 575 750 592 397 366 451 371 114 441 
814 768 830 204 799 676 714 615 374 100000 830 481 608 808 812 125 676 764 301 314 808 617 745 711 242 289 232 149 707 262 108 353 787 759 446 511 278 307 249 793 167 534 793 211 651 100 737 339 589 425 
637 627 347 417 827 362 498 827 234 795 100000 624 343 768 196 411 707 446 253 726 141 836 576 338 443 312 135 242 269 794 731 306 696 683 468 123 213 606 779 667 292 470 695 242 782 351 729 783 744 738 
374 127 473 593 281 131 500 379 681 161 765 100000 511 129 339 734 431 555 233 456 686 788 696 520 106 276 421 672 714 486 243 309 587 488 795 766 608 628 436 227 584 827 134 325 377 523 783 317 668 381 
244 373 154 181 401 272 835 582 506 131 693 467 100000 465 787 336 541 583 473 395 713 227 341 276 398 108 734 525 655 678 648 778 112 744 159 451 466 450 664 232 222 581 302 503 620 510 201 838 812 511 
123 377 189 134 162 633 302 587 242 550 465 376 839 100000 133 191 521 626 752 832 166 489 827 384 766 637 567 645 293 716 559 463 421 235 210 832 656 436 393 511 275 197 208 109 334 339 225 646 653 265 
389 735 708 429 285 627 134 807 259 636 116 154 727 670 100000 840 564 174 710 378 279 360 115 343 150 451 191 700 826 569 388 649 150 644 779 623 573 527 788 743 527 842 725 383 708 648 509 316 731 532 
531 522 238 343 786 273 729 142 549 634 564 726 625 811 127 100000 189 334 288 652 805 106 423 302 794 689 618 516 652 606 382 289 151 759 162 727 250 778 225 299 838 202 773 742 816 648 673 261 676 668 
242 553 184 116 221 395 486 804 214 304 421 184 310 622 649 570 100000 778 357 552 409 402 501 507 400 537 226 311 363 739 197 403 601 604 787 717 438 191 360 501 297 168 773 142 298 622 847 287 806 665 
323 726 615 705 534 332 363 248 701 171 243 805 603 594 565 149 289 100000 110 789 369 720 601 343 132 198 334 838 561 414 537 326 526 765 349 415 792 337 618 737 333 831 185 574 828 634 435 277 238 118 
560 237 548 595 191 598 324 293 344 523 391 723 268 401 416 197 771 371 100000 821 639 671 424 624 133 705 529 341 238 258 135 601 794 323 146 506 827 388 420 368 682 260 709 594 269 289 325 488 572 158 
685 707 427 422 734 250 533 395 592 829 388 606 235 838 636 240 765 238 563 100000 220 648 507 344 268 494 423 483 824 765 307 667 754 619 582 229 246 251 285 135 446 315 244 598 166 657 705 194 672 375 
299 212 198 783 803 433 367 398 334 177 576 177 750 734 577 521 332 328 215 718 100000 115 375 359 382 846 601 837 429 755 124 297 637 140 166 419 313 256 760 598 237 301 578 374 697 600 381 229 835 293 
300 562 345 267 653 484 491 844 692 411 295 717 254 370 780 285 683 499 725 399 259 100000 530 159 805 528 508 177 762 125 300 841 144 461 696 843 619 242 411 491 168 456 412 465 421 804 173 364 729 688 
678 669 724 792 578 180 294 590 165 668 742 640 780 380 427 468 473 570 686 304 579 563 100000 802 736 739 615 781 367 533 549 183 469 143 743 770 106 684 363 433 618 758 684 148 221 153 662 792 668 427 
169 606 658 202 419 165 112 753 351 617 460 355 578 115 533 775 315 234 326 370 118 448 221 100000 115 226 475 841 462 228 823 749 503 679 329 764 840 154 447 491 494 764 118 278 376 773 761 680 117 183 
647 498 185 227 761 552 203 493 841 361 564 668 324 621 108 638 482 759 815 714 823 769 681 158 100000 560 333 570 292 560 468 370 325 693 578 488 246 515 787 204 361 230 784 626 205 404 755 775 535 811 
651 276 841 225 635 691 288 603 366 495 121 704 760 486 471 142 395 469 121 678 607 497 193 213 520 100000 110 109 372 627 784 324 128 838 168 359 799 801 348 125 280 456 555 600 639 163 505 568 136 167 
345 358 596 486 351 104 266 618 540 537 793 736 543 639 400 142 495 460 698 234 155 354 474 142 160 665 100000 314 321 218 722 470 323 661 531 226 423 750 833 199 554 253 189 717 124 154 135 699 780 328 
419 596 195 309 376 727 283 268 284 131 154 324 331 755 362 221 365 673 690 821 157 727 659 342 350 680 823 100000 681 626 481 104 740 304 581 200 650 275 393 734 432 844 528 589 701 165 760 225 695 327 
313 278 653 286 419 439 786 154 739 171 298 396 807 359 193 340 316 556 483 116 718 652 715 725 146 576 120 518 100000 587 245 512 809 562 294 496 125 427 539 801 568 654 514 677 709 589 482 136 280 667 
577 539 181 564 155 294 711 378 374 100 110 725 162 162 746 750 795 296 814 327 264 687 174 453 723 130 281 626 729 100000 849 724 750 370 442 217 165 732 587 418 642 232 303 649 786 337 231 156 765 668 
160 191 493 808 786 836 671 691 419 523 840 356 175 644 652 779 780 654 145 800 110 490 570 671 552 538 480 308 549 657 100000 426 750 121 810 758 522 268 300 792 588 464 348 501 165 731 786 498 725 570 
403 422 610 424 225 766 524 132 128 140 236 291 681 112 244 428 423 720 398 315 344 803 335 147 566 252 190 215 268 116 619 100000 255 325 842 395 364 467 138 574 507 275 254 207 409 779 133 536 220 516 
183 319 704 415 734 418 264 522 605 802 638 323 352 394 440 280 367 490 365 428 760 202 301 494 608 696 454 795 839 339 583 773 100000 502 325 276 470 543 845 500 474 209 564 766 212 256 259 442 525 314 
354 153 116 248 794 317 803 162 552 483 730 548 142 799 344 187 613 110 569 695 575 810 378 300 164 736 567 646 696 489 318 368 406 100000 485 390 701 723 820 632 459 566 367 576 795 188 775 560 617 272 
402 637 426 683 734 460 248 211 437 849 364 496 219 634 551 422 192 706 222 656 451 199 432 135 822 248 675 246 166 769 508 511 643 182 100000 458 731 317 358 510 673 843 102 668 403 235 643 805 331 172 
106 366 318 831 348 615 599 826 686 714 357 520 252 460 503 366 490 462 268 222 677 716 692 719 702 139 740 548 716 427 225 846 210 477 406 100000 510 176 662 401 435 452 442 838 314 470 714 505 649 519 
383 672 349 735 830 318 144 625 808 835 116 458 779 584 716 724 117 675 162 493 615 161 729 686 179 779 201 151 576 184 132 487 437 311 469 587 100000 167 221 506 661 426 289 308 437 665 777 346 700 333 
638 444 828 849 141 122 328 408 811 531 439 775 168 554 248 540 358 568 217 451 770 706 718 533 247 169 405 204 333 809 740 428 830 439 640 629 238 100000 587 487 154 804 833 209 127 384 124 221 594 712 
329 344 218 415 487 751 636 341 459 327 424 206 793 329 441 795 373 119 589 281 625 247 446 440 794 802 546 741 436 404 773 844 575 114 181 535 677 580 100000 749 762 831 671 147 185 474 785 161 400 687 
425 197 716 797 632 277 134 548 260 123 500 593 148 254 219 326 161 636 183 591 360 118 422 399 566 658 272 648 704 119 487 248 394 113 649 495 693 364 349 100000 676 588 746 814 258 636 398 821 781 350 
248 535 393 810 460 580 406 396 807 574 134 104 828 206 334 118 526 559 138 566 478 317 648 490 709 796 175 148 355 696 815 190 555 159 524 496 531 464 339 704 100000 295 605 797 495 537 194 420 366 284 
386 472 253 322 814 385 154 193 647 329 764 529 361 500 731 711 777 771 338 287 843 546 286 714 554 330 827 769 382 657 392 119 405 274 836 391 587 248 734 180 725 100000 105 160 274 142 587 414 493 753 
162 835 706 744 140 636 290 716 685 792 264 224 375 361 582 586 145 446 361 728 245 314 358 795 611 152 715 638 198 201 297 396 360 282 501 502 824 465 818 328 448 700 100000 230 715 564 479 647 487 217 
367 466 530 363 194 698 549 286 813 429 188 228 698 102 349 766 363 105 442 298 429 266 751 446 497 701 589 697 361 371 391 717 375 640 597 232 391 343 767 147 353 568 457 100000 172 299 796 434 362 323 
222 698 640 135 685 735 566 122 606 355 351 589 433 173 131 687 802 309 161 671 791 186 738 314 430 332 494 792 365 394 424 258 274 123 158 727 249 687 276 701 417 849 587 693 100000 114 147 276 295 681 
815 153 447 120 653 398 551 389 759 601 717 418 545 309 310 187 381 550 690 748 423 589 588 588 358 142 706 116 215 761 259 401 544 373 384 836 186 561 504 232 707 293 330 183 199 100000 166 257 158 180 
732 330 845 669 310 823 580 731 164 588 441 492 776 521 412 158 215 842 525 427 691 229 307 116 567 281 258 736 654 673 318 693 242 583 804 518 307 478 820 339 747 750 499 214 538 609 100000 346 649 165 
151 627 695 294 112 658 291 846 277 592 746 332 268 319 427 848 401 295 209 743 221 510 829 646 604 317 506 824 843 106 748 742 603 258 698 473 356 104 220 483 416 257 660 464 512 835 353 100000 500 688 
304 419 377 538 798 603 560 243 774 403 206 665 102 727 555 674 829 533 822 745 162 718 542 266 441 366 162 547 222 276 770 257 472 203 209 798 107 354 367 723 603 364 355 596 440 613 211 607 100000 675 
689 801 413 660 108 697 411 473 841 369 544 626 734 496 210 544 733 588 649 363 301 624 838 710 436 448 222 519 477 192 290 717 829 147 845 604 504 370 565 765 272 802 771 428 291 358 542 134 627 100000 
