100000 632 599 122 190 226 693 602 633 435 697 361 692 555 468 235 673 678 238 155 410 484 191 604 222 365 537 654 195 492 300 652 468 145 146 339 578 483 413 397 183 502 125 455 345 105 310 176 508 451 
617 100000 323 395 432 234 190 288 654 554 572 226 197 598 144 183 198 584 603 522 138 604 520 158 239 534 414 300 263 610 670 617 617 332 622 220 108 481 252 463 577 261 479 587 233 374 210 145 247 609 
322 662 100000 471 452 539 310 318 340 350 245 652 488 222 385 552 541 691 348 642 476 286 618 543 257 302 645 488 356 530 369 324 613 240 589 288 692 110 630 420 159 647 291 224 344 288 636 110 542 211 
372 321 675 100000 340 497 607 437 378 425 547 153 504 320 206 325 269 455 127 340 641 519 104 136 489 510 259 563 476 265 325 590 430 171 130 222 181 357 297 499 675 143 289 187 316 397 516 335 592 373 
219 660 627 216 100000 474 117 395 664 534 175 481 577 540 277 332 650 380 373 267 190 493 538 233 438 450 131 605 641 422 300 563 239 589 636 549 338 579 447 558 103 152 693 321 251 348 195 237 137 343 
200 404 131 116 682 100000 628 575 535 610 165 636 133 277 404 412 355 396 375 637 546 671 106 635 177 150 330 240 148 464 504 151 187 191 585 189 366 355 339 105 303 158 506 437 608 488 340 205 503 189 
393 408 615 596 103 661 100000 538 256 429 304 684 540 295 236 377 450 193 611 617 485 247 476 547 665 693 573 247 687 634 226 609 205 611 156 267 429 549 204 354 541 162 442 180 511 104 458 568 562 462 
222 263 328 440 290 417 497 100000 477 283 331 561 352 265 544 157 388 624 565 548 147 545 609 379 321 662 341 361 100 374 480 597 678 486 335 141 406 137 427 408 532 112 315 661 628 213 340 438 237 260 
149 256 139 156 280 564 353 613 100000 678 610 218 667 594 436 314 106 545 114 369 569 320 397 280 243 271 373 335 380 325 222 662 194 636 224 699 564 206 671 163 551 215 475 300 174 117 448 266 194 118 
432 225 627 465 679 667 405 344 312 100000 513 631 156 335 279 552 289 326 108 490 555 356 167 371 257 170 320 194 353 248 278 535 421 152 469 142 693 120 187 430 693 430 306 325 383 479 696 310 348 329 
149 509 320 458 677 578 651 681 160 277 100000 135 363 318 457 534 624 438 436 396 567 192 157 390 439 698 311 385 480 472 581 365 169 208 190 259 467 349 116 621 118 434 303 254 243 169 591 482 233 436 
386 463 116 420 635 147 219 136 428 335 241 100000 521 317 605 646 307 357 559 686 598 568 608 131 694 305 598 383 440 514 168 532 671 498 140 679 693 519 325 418 109 341 203 114 641 181 243 328 471 457 
129 667 626 294 291 462 630 643 616 158 123 506 100000 672 200 150 132 173 648 189 506 563 380 209 601 252 434 217 341 464 447 164 130 579 547 415 527 430 193 200 164 419 130 562 621 187 620 323 272 402 
335 202 563 342 681 260 521 171 187 521 239 667 100 100000 282 273 212 308 542 339 466 563 334 445 279 474 557 190 616 306 140 524 690 365 317 203 124 266 494 437 583 372 512 425 460 117 329 638 356 151 
663 513 414 116 662 445 396 614 659 483 607 105 218 691 100000 133 376 533 610 679 509 542 140 432 405 535 587 299 259 640 472 140 356 425 234 402 659 217 557 531 558 406 477 121 161 517 627 155 361 476 
439 527 283 542 446 662 150 423 326 617 591 624 608 515 124 100000 494 533 535 434 606 589 643 394 156 355 428 418 492 613 173 625 552 426 194 429 532 565 210 656 190 545 621 103 561 637 697 533 188 611 
331 480 303 444 581 195 686 678 147 620 377 152 266 254 426 308 100000 322 385 457 590 475 649 676 589 503 357 595 112 295 345 212 411 121 301 450 682 623 111 595 677 403 175 402 140 306 354 642 101 327 
457 492 348 618 642 139 546 296 175 678 537 316 470 158 118 110 634 100000 296 120 147 647 333 425 502 323 568 195 366 307 672 156 239 612 255 181 325 627 522 375 143 583 297 511 456 238 537 524 484 581 
425 166 353 588 570 369 363 440 315 395 405 451 635 370 300 153 464 625 100000 646 117 488 509 668 604 510 587 612 255 247 124 338 479 589 251 471 500 363 599 346 263 283 236 351 601 373 511 261 450 640 
241 429 134 222 691 671 358 107 212 471 515 438 559 216 192 211 232 127 201 100000 656 472 460 430 319 647 389 556 180 354 355 134 575 181 208 352 692 402 401 132 321 555 385 257 415 476 503 257 285 253 
441 321 545 694 688 510 136 172 534 566 169 283 421 405 197 452 353 329 689 698 100000 313 480 215 207 499 369 402 660 630 136 273 417 427 374 414 273 294 608 687 218 362 126 308 323 179 695 538 287 328 
635 623 242 376 321 327 489 652 291 575 606 373 295 608 420 695 591 230 160 319 490 100000 290 313 209 284 516 370 430 100 229 173 219 525 388 570 437 639 263 472 612 143 365 515 685 396 426 479 485 315 
418 212 250 558 537 179 476 600 203 463 148 148 343 559 180 303 569 363 320 651 465 157 100000 443 629 222 131 501 369 198 170 491 676 618 293 615 411 390 325 154 386 391 147 223 503 520 148 426 353 366 
437 697 571 210 200 370 365 448 133 261 540 534 692 179 617 694 409 159 512 143 218 236 234 100000 161 677 319 357 536 469 462 674 635 551 649 280 581 112 544 487 332 282 422 303 512 534 100 362 462 307 
369 527 597 152 400 352 481 278 347 639 439 338 359 420 152 106 567 426 297 430 214 643 217 673 100000 351 185 645 311 175 119 153 473 541 151 656 439 528 333 334 686 331 603 276 234 581 622 644 541 124 
122 245 217 586 234 401 442 224 242 653 560 579 312 593 300 588 680 192 656 524 447 362 508 135 411 100000 136 654 320 361 560 537 534 310 483 122 166 306 530 439 697 698 624 208 352 613 388 523 628 674 
549 531 491 120 187 160 472 349 476 389 497 499 100 350 591 168 505 656 386 188 574 646 507 609 181 545 100000 630 310 499 183 664 661 670 351 189 286 490 164 501 507 317 688 295 317 520 107 535 606 407 
452 204 529 587 223 397 263 517 376 542 108 405 631 205 697 141 229 642 666 567 485 286 539 526 222 355 375 100000 260 544 348 266 327 598 542 488 345 139 392 348 233 271 479 557 644 556 541 174 112 100 
171 365 306 326 276 599 166 352 683 386 479 375 592 586 632 477 584 640 642 402 627 248 558 254 625 394 366 221 100000 671 316 304 189 254 598 243 364 294 406 372 134 345 372 258 445 506 408 529 225 504 
579 692 291 614 484 231 404 397 236 148 131 675 579 244 447 134 164 401 186 276 543 617 575 405 479 333 549 275 403 100000 195 539 312 248 265 663 113 638 427 162 666 681 614 198 378 684 158 515 312 617 
293 118 502 428 141 475 613 193 288 485 330 307 310 371 639 134 279 581 293 559 385 223 472 611 212 205 179 149 580 225 100000 622 684 583 592 533 476 256 163 459 324 163 157 575 624 490 665 382 247 175 
182 401 632 586 276 312 224 574 449 359 696 575 296 455 181 319 250 136 535 241 119 519 558 685 582 331 690 486 619 396 538 100000 312 577 397 167 214 297 145 634 419 361 108 107 215 576 100 204 340 505 
528 253 618 415 599 201 600 344 460 337 323 228 633 247 308 583 218 214 253 453 459 168 220 214 164 168 308 235 236 497 336 479 100000 268 142 337 113 669 340 306 570 373 533 626 370 373 358 425 360 647 
283 527 137 471 370 537 559 406 293 230 198 175 188 449 636 660 146 655 504 160 207 156 364 187 478 257 453 625 175 184 307 276 152 100000 259 364 155 368 682 349 595 532 228 620 357 653 408 344 120 610 
468 530 561 122 454 136 368 100 112 175 388 147 625 464 210 132 378 175 522 570 519 248 466 132 551 139 647 484 165 314 177 476 472 527 100000 559 485 527 531 659 232 161 485 663 608 108 144 599 431 516 
465 433 400 599 559 467 405 655 587 372 522 320 162 534 153 530 520 202 112 352 312 180 168 410 498 440 639 177 603 374 456 441 659 386 466 100000 364 259 327 662 228 157 125 157 128 249 543 682 315 493 
298 299 362 605 332 669 365 579 673 504 663 337 236 249 657 332 436 488 500 499 349 617 662 561 520 526 134 439 133 269 699 253 152 294 107 650 100000 690 264 304 691 578 452 655 344 539 249 140 221 104 
306 256 272 117 109 252 102 671 486 699 371 543 252 658 497 195 393 523 392 342 143 508 480 130 577 489 339 178 560 497 286 132 440 359 241 391 251 100000 567 509 586 171 469 526 589 101 504 681 188 140 
604 519 425 100 560 154 200 689 357 504 194 487 377 310 130 427 563 615 244 481 639 101 199 303 580 191 672 290 453 683 185 496 125 622 346 190 414 210 100000 391 251 403 295 537 564 132 134 466 249 202 
641 659 272 276 255 440 481 322 695 295 450 120 306 636 371 517 302 265 268 428 504 692 102 626 514 305 160 114 157 370 475 269 272 332 464 350 602 268 656 100000 133 605 546 284 130 644 253 655 397 134 
415 360 227 347 329 236 476 262 274 475 578 100 668 322 372 204 104 361 108 135 604 494 174 530 322 226 275 314 306 322 501 335 306 617 675 308 118 492 591 222 100000 595 478 486 242 448 653 343 404 326 
268 232 534 359 242 461 390 198 507 347 291 333 230 452 625 301 159 372 314 337 326 227 479 332 599 132 688 388 515 430 385 495 519 104 670 213 132 594 672 126 327 100000 545 640 126 249 660 635 597 538 
317 582 228 610 162 396 229 568 317 398 634 374 136 594 217 516 445 208 367 476 125 440 306 214 103 184 643 469 187 101 444 338 488 687 622 632 427 539 407 415 177 691 100000 289 173 582 656 646 425 215 
299 387 602 629 104 315 632 691 436 238 457 450 336 265 343 123 494 520 592 637 516 129 438 647 640 418 439 480 570 414 448 637 488 236 422 363 637 440 141 150 467 654 365 100000 417 124 365 401 535 659 
376 578 361 680 107 228 441 612 484 350 390 673 159 448 345 374 399 160 343 530 114 238 424 606 468 697 344 424 558 161 540 461 344 390 223 151 429 280 533 431 207 265 496 381 100000 307 689 137 486 462 
160 201 173 679 513 224 269 215 333 671 269 502 133 521 437 272 644 199 128 696 620 140 211 204 392 429 509 385 266 582 535 168 479 489 470 225 591 336 167 359 673 261 266 237 166 100000 168 482 535 373 
584 116 251 471 414 254 321 419 415 122 674 109 488 698 389 555 510 494 688 265 478 333 460 565 195 296 377 605 639 413 469 255 428 458 351 657 106 224 297 386 260 419 325 113 598 103 100000 262 645 162 
661 610 189 139 390 471 273 441 247 316 624 559 373 306 123 665 675 195 602 178 306 433 182 557 209 306 670 690 605 282 254 451 194 449 453 279 619 175 509 455 614 294 401 528 563 207 122 100000 384 159 
431 226 620 644 227 509 321 107 593 404 346 381 137 668 578 358 173 111 426 659 349 402 341 101 525 510 177 271 259 378 193 245 347 449 265 237 534 488 322 370 211 275 351 334 316 489 295 120 100000 228 
149 379 671 263 494 194 518 139 225 380 312 478 637 420 573 448 559 113 310 106 152 542 661 559 172 329 225 498 236 505 161 304 654 308 542 183 578 663 446 544 553 575 590 209 490 280 424 245 573 100000 
