100000 0.781133 0.561333 0.320533 0.267067 0.561867 0.7238 0.601133 0.7954 0.4786 0.615267 0.575467 0.751533 0.7166 0.5508 0.327667 0.738067 0.5694 0.438467 0.320733 0.557733 0.514867 0.301733 0.659267 0.4042 0.484133 0.644 0.7166 0.4058 0.555 0.3974 0.567467 0.7306 0.378067 0.348133 0.5044 0.773733 0.724 0.474333 0.405267 0.5136 0.695267 0.181733 0.553933 0.449 0.3834 0.363867 0.290733 0.621267 0.635267 
0.669933 100000 0.343133 0.609333 0.5918 0.3282 0.410467 0.6086 0.6546 0.729533 0.723333 0.353067 0.323733 0.644867 0.3664 0.237 0.3738 0.603533 0.485 0.6734 0.1664 0.768067 0.732267 0.354333 0.364533 0.6516 0.6446 0.3964 0.566733 0.583867 0.821467 0.714333 0.724733 0.586133 0.680867 0.377267 0.4706 0.615467 0.279 0.600867 0.614467 0.5244 0.459133 0.637733 0.249533 0.641533 0.5528 0.282467 0.549467 0.5288 
0.425467 0.867733 100000 0.7198 0.534133 0.528133 0.617067 0.5708 0.513867 0.533533 0.336933 0.832267 0.607533 0.5256 0.516067 0.8216 0.808267 0.949267 0.6184 0.647 0.718933 0.364667 0.7554 0.6638 0.326733 0.607533 0.5916 0.422133 0.388533 0.484533 0.5046 0.4416 0.715067 0.4934 0.544467 0.6166 0.820733 0.208933 0.6446 0.483 0.3856 0.795333 0.2798 0.302533 0.500133 0.4418 0.6836 0.229333 0.740933 0.423267 
0.749 0.429 0.6652 100000 0.697667 0.660733 0.532667 0.544733 0.4436 0.504933 0.548867 0.2182 0.5692 0.570933 0.374333 0.413067 0.569333 0.460733 0.448067 0.586867 0.839933 0.5188 0.286933 0.408667 0.5034 0.5766 0.323067 0.727133 0.552933 0.532667 0.492467 0.571333 0.464667 0.2994 0.244667 0.4754 0.479867 0.5506 0.3772 0.753667 0.6502 0.476333 0.511667 0.360067 0.528667 0.540267 0.4906 0.442733 0.649467 0.561067 
0.4762 0.7662 0.6944 0.2396 100000 0.5914 0.265 0.443333 0.684667 0.6176 0.251267 0.741067 0.643667 0.648 0.368667 0.433533 0.674733 0.446133 0.623867 0.5176 0.289267 0.656467 0.727867 0.382533 0.602 0.6752 0.317933 0.713333 0.711933 0.588533 0.3932 0.756533 0.341333 0.643667 0.5102 0.643 0.300333 0.626 0.5384 0.6326 0.458267 0.428133 0.7786 0.391 0.540333 0.525 0.3874 0.3968 0.319333 0.546067 
0.270133 0.609133 0.415933 0.309933 0.669067 100000 0.580667 0.512533 0.666467 0.625267 0.4792 0.701 0.378267 0.424267 0.490333 0.655467 0.604267 0.4736 0.5344 0.589067 0.6404 0.759533 0.382067 0.517133 0.527 0.3944 0.5768 0.32 0.458667 0.524533 0.5448 0.544867 0.504667 0.454533 0.6788 0.522 0.6154 0.557467 0.4008 0.4724 0.482 0.225733 0.474533 0.474933 0.593133 0.703533 0.402867 0.521867 0.588533 0.2882 
0.4814 0.5178 0.5606 0.514133 0.467667 0.699267 100000 0.679667 0.654067 0.5792 0.383867 0.7282 0.7446 0.282867 0.555733 0.520733 0.6962 0.353067 0.684933 0.588133 0.417933 0.360667 0.606133 0.751267 0.607533 0.7484 0.4814 0.469667 0.8244 0.739667 0.356467 0.8038 0.528867 0.700733 0.331 0.3858 0.7148 0.7412 0.4864 0.458 0.611667 0.3062 0.498067 0.4662 0.766267 0.219333 0.504133 0.853067 0.677867 0.7366 
0.5334 0.343533 0.401067 0.660933 0.479933 0.6082 0.723933 100000 0.4484 0.448067 0.454267 0.8116 0.614267 0.401667 0.662867 0.348067 0.470667 0.4936 0.779267 0.755533 0.2152 0.674733 0.5898 0.362467 0.5814 0.784133 0.586333 0.567467 0.540267 0.669133 0.4944 0.663 0.762 0.673 0.514133 0.31 0.468467 0.390733 0.480267 0.5024 0.713267 0.425067 0.4228 0.669067 0.606267 0.4038 0.624067 0.4636 0.3624 0.402533 
0.331933 0.411467 0.301067 0.3736 0.628867 0.6642 0.630733 0.724067 100000 0.8206 0.690667 0.345133 0.791467 0.687 0.653267 0.687733 0.413067 0.741733 0.3462 0.3912 0.738933 0.537333 0.603467 0.270267 0.337 0.460267 0.642467 0.514133 0.646733 0.607067 0.5158 0.713533 0.486533 0.7988 0.568933 0.8478 0.56 0.496133 0.528133 0.300467 0.599733 0.520333 0.595867 0.3704 0.2934 0.4796 0.448067 0.329133 0.315733 0.413667 
0.536 0.6144 0.7016 0.6536 0.923667 0.674267 0.6872 0.596333 0.6216 100000 0.5712 0.762067 0.342 0.546533 0.5584 0.645 0.431467 0.650933 0.3066 0.701067 0.7876 0.697133 0.414333 0.569133 0.457733 0.281933 0.403733 0.221533 0.503533 0.499733 0.432533 0.568467 0.661267 0.458733 0.707467 0.515267 0.8556 0.197 0.397667 0.664067 0.5534 0.555067 0.5106 0.564867 0.641133 0.415733 0.745 0.372067 0.613 0.520333 
0.367133 0.533533 0.476333 0.638733 0.853933 0.532533 0.746 0.867 0.417867 0.514467 100000 0.5444 0.4418 0.5692 0.549067 0.4946 0.6466 0.6508 0.571667 0.6952 0.7402 0.5124 0.401067 0.5512 0.498067 0.669733 0.477933 0.592667 0.5782 0.678667 0.853933 0.633333 0.570267 0.430067 0.348667 0.431267 0.506733 0.651067 0.365933 0.741 0.469867 0.610133 0.6534 0.286133 0.45 0.420867 0.749 0.615533 0.570133 0.735467 
0.662533 0.598867 0.341933 0.6582 0.803533 0.2594 0.2868 0.474067 0.549133 0.555533 0.389267 100000 0.648733 0.454733 0.595533 0.677467 0.335667 0.459 0.736467 0.698533 0.625467 0.843867 0.842133 0.343333 0.646267 0.582933 0.568867 0.500533 0.707333 0.487067 0.4842 0.753267 0.903933 0.5032 0.361533 0.941467 0.6972 0.6776 0.498667 0.480467 0.257467 0.670333 0.444533 0.207 0.614333 0.459267 0.5498 0.548467 0.61 0.676467 
0.3084 0.790467 0.548133 0.5014 0.357 0.4264 0.6462 0.860267 0.846667 0.297133 0.553 0.615533 100000 0.8682 0.602333 0.4396 0.2582 0.318333 0.6682 0.2486 0.781933 0.481133 0.378733 0.468533 0.563067 0.2692 0.707733 0.554867 0.659933 0.560133 0.7444 0.402133 0.425867 0.8212 0.591267 0.646467 0.542533 0.677467 0.475467 0.445733 0.402133 0.509533 0.351067 0.621667 0.8576 0.287467 0.603933 0.533333 0.406933 0.5298 
0.365933 0.333667 0.502733 0.402 0.6256 0.452733 0.489333 0.4558 0.285467 0.529733 0.321533 0.634267 0.442867 100000 0.5262 0.481 0.479533 0.546533 0.714533 0.4684 0.610267 0.705933 0.546867 0.617867 0.4652 0.5246 0.722733 0.515267 0.756067 0.6828 0.250733 0.740733 0.783 0.523933 0.560533 0.565733 0.477467 0.340533 0.558733 0.669933 0.531667 0.559 0.562533 0.592733 0.610267 0.2438 0.474733 0.646533 0.696333 0.432467 
0.7434 0.6922 0.5836 0.393533 0.667933 0.701267 0.3892 0.841933 0.625933 0.5552 0.573867 0.4084 0.477533 0.656267 100000 0.300267 0.654667 0.446933 0.677067 0.809467 0.717133 0.609733 0.340333 0.5246 0.3424 0.540067 0.654333 0.388133 0.475467 0.819667 0.716667 0.335533 0.426133 0.710933 0.3918 0.643 0.865533 0.326867 0.734933 0.6926 0.5858 0.582667 0.7422 0.315267 0.440933 0.530667 0.799 0.492533 0.427267 0.752933 
0.580867 0.706133 0.452667 0.609933 0.506933 0.667133 0.4114 0.6 0.578733 0.846933 0.842 0.7784 0.750333 0.645533 0.265667 100000 0.445133 0.647733 0.669067 0.578933 0.7734 0.727067 0.584067 0.562667 0.5512 0.595667 0.714533 0.605867 0.5372 0.600667 0.433333 0.530867 0.4666 0.5914 0.240533 0.5178 0.463067 0.671067 0.515 0.604333 0.611867 0.466133 0.8142 0.332667 0.81 0.673467 0.681267 0.724333 0.481333 0.608933 
0.456667 0.6658 0.5704 0.4852 0.665933 0.3602 0.633333 0.77 0.2912 0.554533 0.661533 0.327733 0.330933 0.534133 0.5406 0.394133 100000 0.429067 0.465267 0.579867 0.591133 0.505067 0.807267 0.801267 0.719067 0.681933 0.45 0.500467 0.365267 0.386067 0.387 0.287933 0.6242 0.320267 0.454467 0.5134 0.628667 0.654333 0.2088 0.624467 0.652333 0.520667 0.440467 0.6068 0.312933 0.4096 0.6378 0.6374 0.510133 0.5054 
0.544467 0.6516 0.6562 0.7398 0.8408 0.402667 0.7398 0.308133 0.321667 0.5474 0.4674 0.418867 0.694733 0.486533 0.458067 0.194733 0.558067 100000 0.299333 0.2822 0.4858 0.715333 0.5754 0.483933 0.674267 0.502533 0.746267 0.352 0.6954 0.508667 0.641 0.3828 0.358133 0.7254 0.2874 0.335667 0.626267 0.7594 0.7184 0.4458 0.217133 0.625667 0.3578 0.611067 0.7988 0.385867 0.6966 0.524333 0.696667 0.618533 
0.484133 0.346467 0.472533 0.5722 0.5146 0.5616 0.5168 0.625533 0.584 0.698733 0.669 0.557667 0.640533 0.460067 0.4592 0.2254 0.526333 0.729667 100000 0.734867 0.289 0.566733 0.732133 0.690933 0.661667 0.7478 0.578333 0.6426 0.4272 0.379867 0.365267 0.553933 0.758133 0.598467 0.304533 0.644 0.756733 0.4472 0.693733 0.352267 0.604533 0.521467 0.565533 0.5652 0.607667 0.436867 0.608867 0.4576 0.578 0.597467 
0.389267 0.6218 0.360733 0.314 0.709867 0.740933 0.430067 0.217133 0.524533 0.7182 0.628533 0.65 0.562867 0.4192 0.5444 0.441467 0.363267 0.361067 0.4342 100000 0.796933 0.698267 0.460467 0.469867 0.605867 0.768533 0.539533 0.796867 0.4964 0.6018 0.363667 0.270733 0.811333 0.370467 0.429067 0.339667 0.724533 0.4022 0.497933 0.3562 0.362 0.5222 0.557067 0.531333 0.621067 0.709933 0.634733 0.319333 0.5968 0.405267 
0.595 0.412 0.655333 0.949667 0.923667 0.6826 0.498067 0.352267 0.73 0.459133 0.460667 0.354067 0.664667 0.6708 0.328333 0.551533 0.364133 0.384133 0.745133 0.701733 100000 0.277267 0.6894 0.527533 0.4156 0.545067 0.6526 0.5422 0.6378 0.8302 0.414667 0.5382 0.497 0.433067 0.352933 0.597 0.2894 0.4116 0.864533 0.736 0.399133 0.580333 0.3548 0.616933 0.616733 0.329733 0.610333 0.452867 0.563533 0.460067 
0.646933 0.635333 0.422733 0.548467 0.5898 0.5596 0.7414 0.764667 0.3968 0.610333 0.7414 0.579267 0.346267 0.757333 0.5156 0.764733 0.6402 0.403533 0.357267 0.570067 0.622467 100000 0.460133 0.454467 0.575133 0.436533 0.5772 0.386467 0.529067 0.186067 0.490667 0.589933 0.3364 0.7782 0.534267 0.8054 0.662733 0.5192 0.401133 0.608867 0.5276 0.511333 0.388933 0.618733 0.738067 0.6656 0.527 0.517333 0.671533 0.5168 
0.487467 0.519933 0.650667 0.6592 0.6048 0.437733 0.552533 0.648 0.216333 0.718667 0.420267 0.313467 0.533067 0.685467 0.3558 0.4128 0.752733 0.5104 0.640533 0.5472 0.5338 0.290867 100000 0.670533 0.718933 0.461 0.443933 0.7986 0.5498 0.5678 0.305133 0.564333 0.615267 0.7302 0.625933 0.7868 0.4988 0.7112 0.449267 0.393667 0.644533 0.510267 0.4268 0.223067 0.690333 0.448467 0.355867 0.5744 0.432933 0.5806 
0.603533 0.677067 0.719067 0.3872 0.537133 0.435267 0.436133 0.619267 0.416867 0.509 0.5244 0.6562 0.630133 0.326333 0.608333 0.794067 0.411267 0.3408 0.509333 0.358133 0.244133 0.429733 0.533 100000 0.323933 0.586533 0.588467 0.599 0.761333 0.521067 0.7654 0.656333 0.701933 0.826733 0.626467 0.571467 0.804933 0.203467 0.608067 0.752067 0.411333 0.4396 0.380133 0.3956 0.554533 0.8306 0.428067 0.599733 0.6374 0.299267 
0.5186 0.784933 0.6298 0.442733 0.672467 0.605867 0.418067 0.601933 0.535533 0.7598 0.569067 0.457333 0.355733 0.7234 0.209333 0.293467 0.6304 0.561 0.5618 0.726267 0.487667 0.900067 0.424467 0.582267 100000 0.6852 0.380733 0.7772 0.477733 0.278667 0.374133 0.3352 0.687133 0.789667 0.414267 0.749733 0.596267 0.6594 0.5762 0.545467 0.641933 0.602267 0.8828 0.6056 0.4474 0.533333 0.755267 0.787933 0.782067 0.560467 
0.295933 0.470533 0.404067 0.739667 0.449 0.735933 0.567867 0.370733 0.522533 0.688733 0.719133 0.6456 0.554 0.789333 0.4742 0.5076 0.607533 0.3922 0.600333 0.604533 0.5626 0.620333 0.417267 0.3946 0.444 100000 0.218267 0.7434 0.468933 0.636067 0.660933 0.6212 0.4792 0.559867 0.4124 0.349933 0.312067 0.679 0.677733 0.628867 0.769867 0.716533 0.5954 0.456267 0.701267 0.756867 0.640467 0.529867 0.517067 0.821133 
0.5746 0.7404 0.660933 0.4848 0.456067 0.305467 0.465467 0.424667 0.468133 0.601533 0.681133 0.552667 0.467267 0.656333 0.544 0.3188 0.759667 0.629733 0.521733 0.445733 0.529267 0.757867 0.7636 0.7496 0.357067 0.549133 100000 0.6268 0.368867 0.552267 0.3208 0.594267 0.639267 0.819667 0.6294 0.4088 0.541667 0.588667 0.367133 0.6486 0.546 0.354733 0.780867 0.432067 0.287733 0.675867 0.324333 0.577267 0.7788 0.618533 
0.521933 0.544 0.447667 0.765533 0.365867 0.687667 0.402333 0.721867 0.354667 0.501533 0.3028 0.582 0.728467 0.398067 0.637867 0.3782 0.551267 0.6102 0.6808 0.8754 0.637133 0.632467 0.774733 0.629067 0.5088 0.705467 0.5134 100000 0.365133 0.553467 0.4834 0.427333 0.6 0.678667 0.692733 0.495333 0.4004 0.409667 0.425933 0.486 0.379333 0.661467 0.557333 0.538333 0.609933 0.529667 0.707867 0.3178 0.273267 0.396467 
0.2962 0.338933 0.6466 0.510133 0.3194 0.753933 0.450267 0.418267 0.648333 0.624333 0.442133 0.398 0.617667 0.679667 0.573133 0.4808 0.541733 0.827067 0.605 0.5032 0.6772 0.589333 0.741 0.456333 0.659467 0.647067 0.5852 0.486933 100000 0.697933 0.474467 0.359067 0.4834 0.444133 0.706667 0.3136 0.527267 0.5814 0.429267 0.6394 0.448933 0.4672 0.57 0.4306 0.739267 0.637133 0.5528 0.684667 0.4012 0.511 
0.7542 0.806733 0.4354 0.827333 0.437667 0.2932 0.598733 0.431467 0.277333 0.337467 0.211333 0.9126 0.4624 0.421867 0.5116 0.348133 0.595533 0.551333 0.572 0.5006 0.5552 0.703933 0.506533 0.5722 0.606333 0.4868 0.5726 0.535333 0.725667 100000 0.5434 0.691333 0.6508 0.340933 0.347467 0.7494 0.186733 0.898133 0.464867 0.4316 0.6876 0.7896 0.573533 0.5038 0.6212 0.7598 0.402333 0.554533 0.455 0.644133 
0.541333 0.336067 0.555267 0.559333 0.5304 0.758667 0.823667 0.306867 0.4762 0.536333 0.4948 0.334267 0.338867 0.497733 0.6648 0.365533 0.4432 0.738133 0.440333 0.666267 0.554267 0.423867 0.597067 0.671933 0.552933 0.464667 0.274133 0.202533 0.706867 0.5958 100000 0.793867 0.7292 0.720467 0.768667 0.771733 0.558933 0.407467 0.318267 0.7164 0.5956 0.501467 0.442667 0.786733 0.7354 0.776867 0.692133 0.627467 0.551267 0.498267 
0.309933 0.414533 0.862533 0.644667 0.4458 0.5116 0.513733 0.667467 0.499333 0.431733 0.714 0.602333 0.521533 0.626933 0.382267 0.578267 0.546867 0.565867 0.701067 0.404467 0.260533 0.6794 0.6442 0.616867 0.5496 0.525467 0.6188 0.6014 0.719067 0.376 0.618867 100000 0.3226 0.635667 0.589867 0.266733 0.464267 0.4466 0.195867 0.724667 0.489533 0.483267 0.444 0.162333 0.328733 0.839 0.326867 0.442 0.570667 0.773467 
0.7262 0.562867 0.6004 0.593667 0.883733 0.4244 0.5196 0.394933 0.719267 0.565867 0.451333 0.4414 0.566 0.546267 0.552533 0.552667 0.417933 0.424267 0.288867 0.61 0.6472 0.2148 0.301667 0.558267 0.315733 0.3348 0.471333 0.397267 0.643933 0.444333 0.5858 0.658333 100000 0.435067 0.209267 0.481067 0.402933 0.8062 0.624067 0.4092 0.8108 0.479267 0.740533 0.755733 0.371467 0.579467 0.576467 0.697733 0.5818 0.542533 
0.359067 0.532733 0.248533 0.5188 0.665867 0.5526 0.682867 0.371467 0.412933 0.523933 0.5296 0.450267 0.209733 0.539133 0.8156 0.6374 0.344333 0.564267 0.5502 0.375267 0.319 0.4804 0.430667 0.403867 0.431067 0.505733 0.6798 0.721467 0.297067 0.548867 0.528267 0.4136 0.452133 100000 0.579267 0.567467 0.506333 0.593533 0.882667 0.642667 0.672867 0.569867 0.4502 0.598133 0.6094 0.633733 0.6986 0.568133 0.3682 0.717467 
0.4664 0.553933 0.6852 0.371933 0.530667 0.514267 0.508133 0.290067 0.226067 0.544467 0.385867 0.4768 0.788067 0.688933 0.2942 0.4964 0.3972 0.338267 0.6128 0.744 0.741 0.317133 0.485067 0.437 0.746133 0.406667 0.667533 0.515467 0.316 0.560733 0.29 0.518733 0.602867 0.633733 100000 0.770267 0.723533 0.678333 0.4852 0.721333 0.609667 0.609133 0.671333 0.6892 0.622733 0.1966 0.3458 0.644733 0.634733 0.4448 
0.4492 0.417867 0.573867 0.645133 0.501067 0.575933 0.6178 0.773467 0.635733 0.6008 0.5262 0.463733 0.4836 0.612 0.423 0.491333 0.735867 0.493067 0.409067 0.321867 0.5934 0.4552 0.2992 0.657533 0.7452 0.424733 0.8624 0.476 0.612 0.377133 0.6866 0.7304 0.787733 0.673933 0.633467 100000 0.655867 0.336267 0.5936 0.561533 0.325 0.256667 0.448533 0.558267 0.396933 0.3756 0.586 0.722467 0.5854 0.561667 
0.388467 0.594533 0.391933 0.737533 0.494933 0.5984 0.356933 0.7882 0.887467 0.547 0.5416 0.417867 0.359533 0.4588 0.718 0.606933 0.606867 0.755533 0.673733 0.588467 0.638467 0.527933 0.854733 0.822 0.460067 0.562067 0.361533 0.429667 0.440667 0.367333 0.7 0.496067 0.475933 0.4254 0.205933 0.601933 100000 0.7358 0.3638 0.533067 0.766867 0.776933 0.496733 0.626267 0.476333 0.595933 0.581 0.205733 0.466533 0.394333 
0.6156 0.439467 0.530533 0.3698 0.162067 0.3808 0.2632 0.722133 0.8174 0.6202 0.452333 0.8402 0.4876 0.830667 0.628933 0.3748 0.5336 0.549867 0.644333 0.415 0.364933 0.727467 0.7156 0.487267 0.692067 0.4022 0.365 0.352267 0.491133 0.702733 0.389467 0.3248 0.792933 0.473933 0.550667 0.673267 0.270133 100000 0.5706 0.771933 0.557067 0.5216 0.609267 0.674067 0.515267 0.314533 0.6208 0.7698 0.496133 0.440933 
0.641267 0.6652 0.555333 0.423267 0.569933 0.515667 0.321733 0.825533 0.497 0.6514 0.455333 0.551867 0.617133 0.491267 0.468467 0.640067 0.550333 0.5778 0.561267 0.708867 0.8406 0.423933 0.462667 0.3724 0.779467 0.532933 0.6516 0.524333 0.4828 0.596533 0.408733 0.754267 0.256333 0.638267 0.347667 0.326867 0.565 0.3704 100000 0.663667 0.531733 0.772867 0.524467 0.6726 0.6914 0.316 0.384333 0.604867 0.5108 0.520867 
0.708333 0.750733 0.574133 0.583 0.3856 0.612733 0.599867 0.413067 0.691733 0.534467 0.588 0.3622 0.3628 0.7584 0.544733 0.693067 0.441533 0.364667 0.323267 0.669133 0.4864 0.818133 0.2396 0.696333 0.695867 0.643333 0.490267 0.2612 0.336267 0.498467 0.577267 0.330533 0.555333 0.457933 0.684733 0.514733 0.719933 0.435867 0.609933 100000 0.562667 0.760533 0.8456 0.674933 0.339467 0.713333 0.421467 0.747667 0.626467 0.260533 
0.480267 0.4994 0.538733 0.582533 0.600533 0.395333 0.479733 0.319467 0.518867 0.671467 0.493733 0.325067 0.713733 0.504667 0.3556 0.4944 0.299333 0.503267 0.3296 0.5384 0.681867 0.612333 0.4624 0.652133 0.563267 0.541867 0.402333 0.330533 0.3194 0.665067 0.6662 0.492933 0.5182 0.682733 0.6596 0.434133 0.312067 0.4904 0.7714 0.4372 100000 0.566867 0.624067 0.5438 0.461933 0.614467 0.794133 0.477867 0.639333 0.452533 
0.417867 0.483867 0.4798 0.602133 0.632533 0.625533 0.5488 0.4134 0.6926 0.542733 0.4568 0.531 0.375933 0.613733 0.702067 0.385667 0.339 0.5398 0.523333 0.566467 0.500733 0.587333 0.552933 0.494533 0.818533 0.45 0.778467 0.717667 0.726533 0.685667 0.628667 0.4106 0.5026 0.308133 0.789067 0.3878 0.5262 0.7004 0.6912 0.1656 0.4618 100000 0.531133 0.538667 0.3968 0.3168 0.8322 0.694933 0.6698 0.754467 
0.368133 0.6038 0.402 0.624667 0.2824 0.5464 0.520267 0.786667 0.581133 0.548133 0.625467 0.359333 0.393667 0.509 0.344667 0.6292 0.658467 0.306667 0.365267 0.504533 0.205133 0.674933 0.346 0.450467 0.314867 0.363867 0.800067 0.542667 0.455467 0.153133 0.4046 0.420133 0.542933 0.6172 0.588467 0.813333 0.549067 0.535933 0.531333 0.621867 0.372 0.710267 100000 0.377467 0.556733 0.7432 0.795933 0.814067 0.581533 0.265133 
0.551133 0.5876 0.795733 0.711133 0.152533 0.4008 0.668333 0.743467 0.628467 0.323667 0.649067 0.4432 0.6572 0.517467 0.531267 0.5356 0.539133 0.550867 0.648267 0.580267 0.5238 0.3424 0.6002 0.851333 0.698067 0.711667 0.545667 0.7314 0.5394 0.5134 0.700067 0.719267 0.622733 0.616133 0.519533 0.3932 0.597267 0.561533 0.367 0.4142 0.691533 0.6224 0.612333 100000 0.5296 0.453667 0.601733 0.589733 0.601067 0.840333 
0.547867 0.725333 0.523867 0.677933 0.249533 0.5038 0.7284 0.5468 0.493867 0.548733 0.647 0.724467 0.3346 0.482067 0.4002 0.525933 0.4892 0.277267 0.410867 0.687933 0.5186 0.525467 0.676667 0.6728 0.7224 0.727067 0.410133 0.649067 0.5146 0.334933 0.5932 0.407733 0.399733 0.445 0.377867 0.390867 0.3942 0.422467 0.475733 0.738333 0.4738 0.666867 0.588867 0.721 100000 0.347867 0.602333 0.229333 0.587 0.5258 
0.358467 0.4266 0.407533 0.751467 0.5686 0.553733 0.408733 0.265533 0.5642 0.771533 0.596733 0.705467 0.281667 0.510333 0.424133 0.461933 0.841133 0.360267 0.297733 0.9156 0.699933 0.365533 0.349067 0.3484 0.430533 0.6252 0.535333 0.372667 0.317533 0.5974 0.742867 0.4598 0.542933 0.5574 0.442533 0.4988 0.5564 0.4182 0.465733 0.455333 0.698867 0.3506 0.481333 0.3798 0.274067 100000 0.4816 0.642333 0.499067 0.325467 
0.774133 0.284933 0.411533 0.6074 0.6388 0.587933 0.4128 0.675933 0.611467 0.415733 0.655533 0.464267 0.769333 0.709933 0.446933 0.4776 0.7134 0.606533 0.665267 0.366467 0.664467 0.4514 0.635667 0.630667 0.4758 0.470733 0.456933 0.595733 0.65 0.479133 0.509467 0.647 0.383733 0.732733 0.456 0.7492 0.430867 0.387333 0.6872 0.504333 0.391933 0.712133 0.448867 0.179733 0.761867 0.456467 100000 0.467867 0.853 0.3282 
0.620067 0.728067 0.5782 0.403467 0.5216 0.67 0.4238 0.6272 0.265267 0.399067 0.8764 0.519467 0.457467 0.5026 0.2834 0.870933 0.7942 0.5022 0.512333 0.416067 0.5158 0.668267 0.510333 0.592133 0.504533 0.3114 0.709467 0.7008 0.697133 0.2604 0.640133 0.776267 0.588333 0.461733 0.7524 0.5954 0.790667 0.380267 0.502933 0.616733 0.571733 0.3274 0.556933 0.778 0.740533 0.5702 0.461533 100000 0.4184 0.314 
0.397333 0.574067 0.723533 0.634933 0.508933 0.715933 0.6384 0.230733 0.882533 0.568733 0.387867 0.5758 0.364133 0.852733 0.639533 0.445467 0.437533 0.3162 0.6844 0.831933 0.323067 0.7368 0.538933 0.378533 0.5334 0.7256 0.292 0.388067 0.308667 0.4724 0.532667 0.353133 0.397733 0.447133 0.392867 0.382 0.6686 0.471333 0.587267 0.462867 0.416067 0.314533 0.3958 0.431867 0.608667 0.5906 0.576867 0.2574 100000 0.3942 
0.356733 0.516067 0.777933 0.515733 0.576533 0.499933 0.571133 0.392867 0.617 0.386333 0.4392 0.757467 0.855067 0.5968 0.488 0.456267 0.567267 0.304133 0.398067 0.301667 0.395933 0.584933 0.869867 0.840267 0.393867 0.478133 0.506 0.6686 0.374733 0.461867 0.348933 0.469667 0.683 0.487933 0.718733 0.522 0.672933 0.7104 0.625933 0.687267 0.726667 0.693733 0.693533 0.272533 0.583267 0.305867 0.543467 0.408133 0.7162 100000 
